---
layout: post
title: DPC Rankings 24th
description: Analysis of DPC ranking updated daily, 24th report.
author: Philaeux
category: dota
tags: dpc computing analysis
---

After the first playoff day, we have the current standing

| Rank | Team | Points | Previous |
|-------|--------|---------|---------|
| 1 | **Team Secret** | 14400 | 14250 | 
| 2 | **Virtus.pro** | 12300 | 11400 | 
| 3 | **Evil Geniuses** | 6825 | 6750 | 
| 4 | **Vici Gaming** | 6450 | 6300 | 
| 5 | **Team Liquid** | 4920 | 2820 | 
| 6 | **PSG.LGD** | 4290 | 4140 | 
| 7 | **Fnatic**² | 3600 | 3525 | 
| 8 | **Ninjas In Pyjamas** | 2620 | 2590 | 
| 9 | Keen Gaming² | 1140 | 1140 | 
| 10 | OG | 1023 | 948 | 
| 11 | TNC Predator | 846 | 696 | 
| 12 | EHOME² | 629.6 | 629.6 | 
| 13 | Alliance | 454 | 379 | 
| 14 | Gambit Esports | 378 | 228 | 
| 15 | Forward Gaming | 304.88 | 154.88 | 
| 16 | ~~Pain Gaming~~² | 225 | 150 | 
| 17 | Royal Never Give Up | 204 | 63.65 | 
| 18 | Infamous | 135.9 | 60.9 | 

²: not playing in the tournament or eliminated, points won't change.

Outcomes drop to 131072, as followed

| Team | 1 | 2 | 3 | 4 | 5 | 6 | 7 | 8 | 9 | 10 | 11 | 12 | 13 | 14 | 15 | 16 | 17 | 18 |
| ---- | ---- | ---- | ---- | ---- | ---- | ---- | ---- | ---- | ---- | ---- | ---- | ---- | ---- | ---- | ---- | ---- | ---- | ---- |
| Alliance | 0 | 0 | 0 | 0 | 448 | 512 | 64 | 640 | 1504 | 7040 | 5120 | 2560 | 7712 | 19968 | 43520 | 35840 | 6144 | 0 |
| EHOME | 0 | 0 | 0 | 0 | 0 | 0 | 0 | 0 | 0 | 0 | 0 | 4608 | 30720 | 60416 | 30720 | 4608 | 0 | 0 |
| Evil Geniuses | 0 | 0 | 35968 | 65376 | 29248 | 480 | 0 | 0 | 0 | 0 | 0 | 0 | 0 | 0 | 0 | 0 | 0 | 0 |
| Fnatic | 0 | 0 | 0 | 0 | 0 | 0 | 57376 | 63648 | 9824 | 224 | 0 | 0 | 0 | 0 | 0 | 0 | 0 | 0 |
| Forward Gaming | 0 | 0 | 0 | 0 | 1024 | 1024 | 0 | 960 | 2432 | 7616 | 4352 | 6144 | 8448 | 12032 | 25088 | 53760 | 8192 | 0 |
| Gambit Esports | 0 | 0 | 0 | 0 | 4832 | 9408 | 1120 | 9184 | 11264 | 17728 | 12608 | 11008 | 13440 | 8736 | 15360 | 14336 | 2048 | 0 |
| Infamous | 0 | 0 | 0 | 0 | 384 | 512 | 128 | 640 | 1024 | 3424 | 1856 | 3296 | 5120 | 6144 | 7168 | 3072 | 0 | 98304 |
| Keen Gaming | 0 | 0 | 0 | 0 | 0 | 0 | 0 | 0 | 1152 | 26304 | 58368 | 37504 | 7552 | 192 | 0 | 0 | 0 | 0 |
| Ninjas In Pyjamas | 0 | 0 | 1120 | 832 | 864 | 3200 | 6448 | 36032 | 69360 | 13216 | 0 | 0 | 0 | 0 | 0 | 0 | 0 | 0 |
| OG | 0 | 0 | 0 | 0 | 1024 | 0 | 640 | 768 | 2736 | 12800 | 28528 | 50560 | 29504 | 4512 | 0 | 0 | 0 | 0 |
| PSG.LGD | 0 | 0 | 2080 | 1120 | 6464 | 73888 | 45792 | 1728 | 0 | 0 | 0 | 0 | 0 | 0 | 0 | 0 | 0 | 0 |
| Pain Gaming | 0 | 0 | 0 | 0 | 0 | 0 | 0 | 0 | 0 | 0 | 0 | 0 | 0 | 0 | 0 | 16384 | 98304 | 16384 |
| Royal Never Give Up | 0 | 0 | 0 | 0 | 4032 | 8832 | 2496 | 9696 | 14576 | 13184 | 5168 | 10112 | 12160 | 7808 | 7168 | 3072 | 16384 | 16384 |
| TNC Predator | 0 | 0 | 0 | 0 | 5376 | 9472 | 11824 | 7584 | 17200 | 29536 | 15072 | 5280 | 16416 | 11264 | 2048 | 0 | 0 | 0 |
| Team Liquid | 0 | 0 | 30048 | 18240 | 54048 | 23360 | 5184 | 192 | 0 | 0 | 0 | 0 | 0 | 0 | 0 | 0 | 0 | 0 |
| Team Secret | 122880 | 8192 | 0 | 0 | 0 | 0 | 0 | 0 | 0 | 0 | 0 | 0 | 0 | 0 | 0 | 0 | 0 | 0 |
| Vici Gaming | 0 | 0 | 61856 | 45504 | 23328 | 384 | 0 | 0 | 0 | 0 | 0 | 0 | 0 | 0 | 0 | 0 | 0 | 0 |
| Virtus.Pro | 8192 | 122880 | 0 | 0 | 0 | 0 | 0 | 0 | 0 | 0 | 0 | 0 | 0 | 0 | 0 | 0 | 0 | 0 |

Percentage

| Team | 1 | 2 | 3 | 4 | 5 | 6 | 7 | 8 | 9 | 10 | 11 | 12 | 13 | 14 | 15 | 16 | 17 | 18 |
| ---- | ---- | ---- | ---- | ---- | ---- | ---- | ---- | ---- | ---- | ---- | ---- | ---- | ---- | ---- | ---- | ---- | ---- | ---- |
| Alliance | 0 | 0 | 0 | 0 | 0.34 | 0.39 | 0.05 | 0.49 | 1.15 | 5.37 | 3.91 | 1.95 | 5.88 | 15.23 | 33.20 | 27.34 | 4.69 | 0 |
| EHOME | 0 | 0 | 0 | 0 | 0 | 0 | 0 | 0 | 0 | 0 | 0 | 3.52 | 23.44 | 46.09 | 23.44 | 3.52 | 0 | 0 |
| Evil Geniuses | 0 | 0 | 27.44 | 49.88 | 22.31 | 0.37 | 0 | 0 | 0 | 0 | 0 | 0 | 0 | 0 | 0 | 0 | 0 | 0 |
| Fnatic | 0 | 0 | 0 | 0 | 0 | 0 | 43.77 | 48.56 | 7.50 | 0.17 | 0 | 0 | 0 | 0 | 0 | 0 | 0 | 0 |
| Forward Gaming | 0 | 0 | 0 | 0 | 0.78 | 0.78 | 0 | 0.73 | 1.86 | 5.81 | 3.32 | 4.69 | 6.45 | 9.18 | 19.14 | 41.02 | 6.25 | 0 |
| Gambit Esports | 0 | 0 | 0 | 0 | 3.69 | 7.18 | 0.85 | 7.01 | 8.59 | 13.53 | 9.62 | 8.40 | 10.25 | 6.67 | 11.72 | 10.94 | 1.56 | 0 |
| Infamous | 0 | 0 | 0 | 0 | 0.29 | 0.39 | 0.10 | 0.49 | 0.78 | 2.61 | 1.42 | 2.51 | 3.91 | 4.69 | 5.47 | 2.34 | 0 | 75 |
| Keen Gaming | 0 | 0 | 0 | 0 | 0 | 0 | 0 | 0 | 0.88 | 20.07 | 44.53 | 28.61 | 5.76 | 0.15 | 0 | 0 | 0 | 0 |
| Ninjas In Pyjamas | 0 | 0 | 0.85 | 0.63 | 0.66 | 2.44 | 4.92 | 27.49 | 52.92 | 10.08 | 0 | 0 | 0 | 0 | 0 | 0 | 0 | 0 |
| OG | 0 | 0 | 0 | 0 | 0.78 | 0 | 0.49 | 0.59 | 2.09 | 9.77 | 21.77 | 38.57 | 22.51 | 3.44 | 0 | 0 | 0 | 0 |
| PSG.LGD | 0 | 0 | 1.59 | 0.85 | 4.93 | 56.37 | 34.94 | 1.32 | 0 | 0 | 0 | 0 | 0 | 0 | 0 | 0 | 0 | 0 |
| Pain Gaming | 0 | 0 | 0 | 0 | 0 | 0 | 0 | 0 | 0 | 0 | 0 | 0 | 0 | 0 | 0 | 12.50 | 75 | 12.50 |
| Royal Never Give Up | 0 | 0 | 0 | 0 | 3.08 | 6.74 | 1.90 | 7.40 | 11.12 | 10.06 | 3.94 | 7.71 | 9.28 | 5.96 | 5.47 | 2.34 | 12.50 | 12.50 |
| TNC Predator | 0 | 0 | 0 | 0 | 4.10 | 7.23 | 9.02 | 5.79 | 13.12 | 22.53 | 11.50 | 4.03 | 12.52 | 8.59 | 1.56 | 0 | 0 | 0 |
| Team Liquid | 0 | 0 | 22.92 | 13.92 | 41.24 | 17.82 | 3.96 | 0.15 | 0 | 0 | 0 | 0 | 0 | 0 | 0 | 0 | 0 | 0 |
| Team Secret | 93.75 | 6.25 | 0 | 0 | 0 | 0 | 0 | 0 | 0 | 0 | 0 | 0 | 0 | 0 | 0 | 0 | 0 | 0 |
| Vici Gaming | 0 | 0 | 47.19 | 34.72 | 17.80 | 0.29 | 0 | 0 | 0 | 0 | 0 | 0 | 0 | 0 | 0 | 0 | 0 | 0 |
| Virtus.Pro | 6.25 | 93.75 | 0 | 0 | 0 | 0 | 0 | 0 | 0 | 0 | 0 | 0 | 0 | 0 | 0 | 0 | 0 | 0 |

Top 12 secured outcomes

| Team | Outcomes | % |
| ---- | ---- | ---- |
| Alliance | 17888 | 13.65% |
| EHOME | 4608 | 3.52% |
| **Evil Geniuses** | 131072 | 100% |
| **Fnatic** | 131072 | 100% |
| Forward Gaming | 23552 | 17.97% |
| Gambit Esports | 77152 | 58.86% |
| Infamous | 11264 | 8.59% |
| Keen Gaming | 123328 | 94.09% |
| **Ninjas In Pyjamas** | 131072 | 100% |
| OG | 97056 | 74.05% |
| **PSG.LGD** | 131072 | 100% |
| ~~Pain Gaming~~ | 0 | 0% |
| Royal Never Give Up | 68096 | 51.95% |
| TNC Predator | 101344 | 77.32% |
| **Team Liquid** | 131072 | 100% |
| **Team Secret** | 131072 | 100% |
| **Vici Gaming** | 131072 | 100% |
| **Virtus.Pro** | 131072 | 100% |
