---
layout: post
title: DPC Rankings Last Major 2019
description: Analysis of DPC ranking updated daily, merged report
author: Philaeux
category: dota
tags: dpc computing analysis
---

All previous report are merged into this single post after all post release.

# DPC Rankings 23/06/2019

DPC rankings we will consider before the Epicenter are as follow, hiding teams sure to not pass the TI qualification mark.

| Rank | Team | Points | 
|-------|--------|---------|
| 1 | **Team Secret** | 14250 | 
| 2 | **Virtus.pro** | 11400 | 
| 3 | **Evil Geniuses** | 6750 | 
| 4 | **Vici Gaming** | 6300 | 
| 5 | **PSG.LGD** | 4140 | 
| 6 | **Fnatic** | 3525 | 
| 7 | **Team Liquid** | 2820 | 
| 8 | **Ninjas In Pyjamas** | 2590 | 
| 9 | Keen Gaming² | 1140 | 
| 10 | OG | 948 | 
| 11 | TNC Predator | 696 | 
| 12 | EHOME² | 629.6 | 
| 13 | Alliance | 379 | 
| 14 | Gambit Esports | 228 | 
| 15 | Forward Gaming | 154.88 | 
| 16 | Pain Gaming | 150 | 
| 17 | Royal Never Give Up | 63.65 | 
| 18 | Infamous | 60.9 | 

²: not playing in the tournament, points won't change.

After the group stages, we have 4194304 possible outcomes for the tree. This gives the following repartition outcomes for the ranking

| Team | 1 | 2 | 3 | 4 | 5 | 6 | 7 | 8 | 9 | 10 | 11 | 12 | 13 | 14 | 15 | 16 | 17 | 18 |
| ---- | ---- | ---- | ---- | ---- | ---- | ---- | ---- | ---- | ---- | ---- | ---- | ---- | ---- | ---- | ---- | ---- | ---- | ---- |
| Alliance | 0 | 0 | 0 | 0 | 18944 | 13312 | 8192 | 17408 | 47104 | 237568 | 152576 | 57344 | 229888 | 606208 | 1581056 | 987136 | 221184 | 16384 |
| EHOME | 0 | 0 | 0 | 0 | 0 | 0 | 0 | 0 | 0 | 0 | 0 | 86016 | 987136 | 2088960 | 909312 | 118784 | 4096 | 0 |
| Evil Geniuses | 0 | 16384 | 1247616 | 2128000 | 791168 | 11136 | 0 | 0 | 0 | 0 | 0 | 0 | 0 | 0 | 0 | 0 | 0 | 0 |
| Fnatic | 0 | 0 | 28672 | 10240 | 81664 | 932480 | 1901184 | 1138048 | 100480 | 1536 | 0 | 0 | 0 | 0 | 0 | 0 | 0 | 0 |
| Forward Gaming | 0 | 0 | 0 | 0 | 16384 | 16384 | 8960 | 15616 | 30976 | 114432 | 71680 | 95232 | 124928 | 180224 | 508928 | 1630208 | 1216512 | 163840 |
| Gambit Esports | 0 | 0 | 0 | 0 | 198912 | 271872 | 105088 | 292736 | 291968 | 545920 | 426240 | 360448 | 460288 | 224768 | 377088 | 458752 | 163840 | 16384 |
| Infamous | 0 | 0 | 0 | 0 | 9216 | 22528 | 6144 | 18432 | 30720 | 114688 | 54272 | 120832 | 155648 | 196608 | 229376 | 81920 | 8192 | 3145728 |
| Keen Gaming | 0 | 0 | 0 | 0 | 0 | 0 | 0 | 0 | 37632 | 832768 | 1887744 | 1186304 | 241408 | 8448 | 0 | 0 | 0 | 0 |
| Ninjas In Pyjamas | 0 | 0 | 17920 | 13312 | 25984 | 84784 | 174528 | 1068448 | 2317632 | 491696 | 0 | 0 | 0 | 0 | 0 | 0 | 0 | 0 |
| OG | 0 | 0 | 0 | 0 | 24576 | 17792 | 18304 | 29312 | 83072 | 405760 | 871680 | 1684992 | 942080 | 113408 | 3328 | 0 | 0 | 0 |
| PSG.LGD | 0 | 0 | 528256 | 364416 | 1440768 | 1282688 | 509952 | 67072 | 1152 | 0 | 0 | 0 | 0 | 0 | 0 | 0 | 0 | 0 |
| Pain Gaming | 0 | 0 | 0 | 0 | 18944 | 13312 | 5632 | 18432 | 30720 | 118272 | 104960 | 113664 | 78848 | 167424 | 312832 | 835584 | 2048000 | 327680 |
| Royal Never Give Up | 0 | 0 | 0 | 0 | 114176 | 340992 | 125824 | 304000 | 384128 | 418432 | 160768 | 349184 | 387072 | 239616 | 231424 | 81920 | 532480 | 524288 |
| TNC Predator | 0 | 0 | 0 | 0 | 244736 | 335072 | 277056 | 292352 | 553664 | 890144 | 464384 | 140288 | 587008 | 368640 | 40960 | 0 | 0 | 0 |
| Team Liquid | 0 | 0 | 311040 | 172544 | 576512 | 840176 | 1053440 | 932448 | 285056 | 23088 | 0 | 0 | 0 | 0 | 0 | 0 | 0 | 0 |
| Team Secret | 3489792 | 704512 | 0 | 0 | 0 | 0 | 0 | 0 | 0 | 0 | 0 | 0 | 0 | 0 | 0 | 0 | 0 | 0 |
| Vici Gaming | 0 | 0 | 2044416 | 1505792 | 632320 | 11776 | 0 | 0 | 0 | 0 | 0 | 0 | 0 | 0 | 0 | 0 | 0 | 0 |
| Virtus.Pro | 704512 | 3473408 | 16384 | 0 | 0 | 0 | 0 | 0 | 0 | 0 | 0 | 0 | 0 | 0 | 0 | 0 | 0 | 0 |

As a percentage we have

| Team | 1 | 2 | 3 | 4 | 5 | 6 | 7 | 8 | 9 | 10 | 11 | 12 | 13 | 14 | 15 | 16 | 17 | 18 |
| ---- | ---- | ---- | ---- | ---- | ---- | ---- | ---- | ---- | ---- | ---- | ---- | ---- | ---- | ---- | ---- | ---- | ---- | ---- |
| Alliance | 0 | 0 | 0 | 0 | 0.45 | 0.32 | 0.20 | 0.42 | 1.12 | 5.66 | 3.64 | 1.37 | 5.48 | 14.45 | 37.70 | 23.54 | 5.27 | 0.39 |
| EHOME | 0 | 0 | 0 | 0 | 0 | 0 | 0 | 0 | 0 | 0 | 0 | 2.05 | 23.54 | 49.80 | 21.68 | 2.83 | 0.10 | 0 |
| Evil Geniuses | 0 | 0.39 | 29.75 | 50.74 | 18.86 | 0.27 | 0 | 0 | 0 | 0 | 0 | 0 | 0 | 0 | 0 | 0 | 0 | 0 |
| Fnatic | 0 | 0 | 0.68 | 0.24 | 1.95 | 22.23 | 45.33 | 27.13 | 2.40 | 0.04 | 0 | 0 | 0 | 0 | 0 | 0 | 0 | 0 |
| Forward Gaming | 0 | 0 | 0 | 0 | 0.39 | 0.39 | 0.21 | 0.37 | 0.74 | 2.73 | 1.71 | 2.27 | 2.98 | 4.30 | 12.13 | 38.87 | 29 | 3.91 |
| Gambit Esports | 0 | 0 | 0 | 0 | 4.74 | 6.48 | 2.51 | 6.98 | 6.96 | 13.02 | 10.16 | 8.59 | 10.97 | 5.36 | 8.99 | 10.94 | 3.91 | 0.39 |
| Infamous | 0 | 0 | 0 | 0 | 0.22 | 0.54 | 0.15 | 0.44 | 0.73 | 2.73 | 1.29 | 2.88 | 3.71 | 4.69 | 5.47 | 1.95 | 0.20 | 75 |
| Keen Gaming | 0 | 0 | 0 | 0 | 0 | 0 | 0 | 0 | 0.90 | 19.85 | 45.01 | 28.28 | 5.76 | 0.20 | 0 | 0 | 0 | 0 |
| Ninjas In Pyjamas | 0 | 0 | 0.43 | 0.32 | 0.62 | 2.02 | 4.16 | 25.47 | 55.26 | 11.72 | 0 | 0 | 0 | 0 | 0 | 0 | 0 | 0 |
| OG | 0 | 0 | 0 | 0 | 0.59 | 0.42 | 0.44 | 0.70 | 1.98 | 9.67 | 20.78 | 40.17 | 22.46 | 2.70 | 0.08 | 0 | 0 | 0 |
| PSG.LGD | 0 | 0 | 12.59 | 8.69 | 34.35 | 30.58 | 12.16 | 1.60 | 0.03 | 0 | 0 | 0 | 0 | 0 | 0 | 0 | 0 | 0 |
| Pain Gaming | 0 | 0 | 0 | 0 | 0.45 | 0.32 | 0.13 | 0.44 | 0.73 | 2.82 | 2.50 | 2.71 | 1.88 | 3.99 | 7.46 | 19.92 | 48.83 | 7.81 |
| Royal Never Give Up | 0 | 0 | 0 | 0 | 2.72 | 8.13 | 3 | 7.25 | 9.16 | 9.98 | 3.83 | 8.33 | 9.23 | 5.71 | 5.52 | 1.95 | 12.70 | 12.50 |
| TNC Predator | 0 | 0 | 0 | 0 | 5.83 | 7.99 | 6.61 | 6.97 | 13.20 | 21.22 | 11.07 | 3.34 | 14 | 8.79 | 0.98 | 0 | 0 | 0 |
| Team Liquid | 0 | 0 | 7.42 | 4.11 | 13.75 | 20.03 | 25.12 | 22.23 | 6.80 | 0.55 | 0 | 0 | 0 | 0 | 0 | 0 | 0 | 0 |
| Team Secret | 83.20 | 16.80 | 0 | 0 | 0 | 0 | 0 | 0 | 0 | 0 | 0 | 0 | 0 | 0 | 0 | 0 | 0 | 0 |
| Vici Gaming | 0 | 0 | 48.74 | 35.90 | 15.08 | 0.28 | 0 | 0 | 0 | 0 | 0 | 0 | 0 | 0 | 0 | 0 | 0 | 0 |
| Virtus.Pro | 16.80 | 82.81 | 0.39 | 0 | 0 | 0 | 0 | 0 | 0 | 0 | 0 | 0 | 0 | 0 | 0 | 0 | 0 | 0

Top 12 secured outcomes

| Team | Outcomes | % |
| ---- | ---- | ---- |
| Alliance | 552448 | 13.17% |
| EHOME | 86016 | 2.05% |
| **Evil Geniuses** | 4194304 | 100% |
| **Fnatic** | 4194304 | 100% |
| Forward Gaming | 369664 | 8.81% |
| Gambit Esports | 2493184 | 59.44% |
| Infamous | 376832 | 8.98% |
| Keen Gaming | 3944448 | 94.04% |
| **Ninjas In Pyjamas** | 4194304 | 100% |
| OG | 3135488 | 74.76% |
| **PSG.LGD** | 4194304 | 100% |
| Pain Gaming | 423936 | 10.11% |
| Royal Never Give Up | 2197504 | 52.39% |
| TNC Predator | 3197696 | 76.24% |
| **Team Liquid** | 4194304 | 100% |
| **Team Secret** | 4194304 | 100% |
| **Vici Gaming** | 4194304 | 100% |
| **Virtus.Pro** | 4194304 | 100% |

# DPC Rankings 24/06/2019

After the first playoff day, we have the current standing

| Rank | Team | Points | Previous |
|-------|--------|---------|---------|
| 1 | **Team Secret** | 14400 | 14250 | 
| 2 | **Virtus.pro** | 12300 | 11400 | 
| 3 | **Evil Geniuses** | 6825 | 6750 | 
| 4 | **Vici Gaming** | 6450 | 6300 | 
| 5 | **Team Liquid** | 4920 | 2820 | 
| 6 | **PSG.LGD** | 4290 | 4140 | 
| 7 | **Fnatic**² | 3600 | 3525 | 
| 8 | **Ninjas In Pyjamas** | 2620 | 2590 | 
| 9 | Keen Gaming² | 1140 | 1140 | 
| 10 | OG | 1023 | 948 | 
| 11 | TNC Predator | 846 | 696 | 
| 12 | EHOME² | 629.6 | 629.6 | 
| 13 | Alliance | 454 | 379 | 
| 14 | Gambit Esports | 378 | 228 | 
| 15 | Forward Gaming | 304.88 | 154.88 | 
| 16 | ~~Pain Gaming~~² | 225 | 150 | 
| 17 | Royal Never Give Up | 204 | 63.65 | 
| 18 | Infamous | 135.9 | 60.9 | 

²: not playing in the tournament or eliminated, points won't change.

Outcomes drop to 131072, as followed

| Team | 1 | 2 | 3 | 4 | 5 | 6 | 7 | 8 | 9 | 10 | 11 | 12 | 13 | 14 | 15 | 16 | 17 | 18 |
| ---- | ---- | ---- | ---- | ---- | ---- | ---- | ---- | ---- | ---- | ---- | ---- | ---- | ---- | ---- | ---- | ---- | ---- | ---- |
| Alliance | 0 | 0 | 0 | 0 | 448 | 512 | 64 | 640 | 1504 | 7040 | 5120 | 2560 | 7712 | 19968 | 43520 | 35840 | 6144 | 0 |
| EHOME | 0 | 0 | 0 | 0 | 0 | 0 | 0 | 0 | 0 | 0 | 0 | 4608 | 30720 | 60416 | 30720 | 4608 | 0 | 0 |
| Evil Geniuses | 0 | 0 | 35968 | 65376 | 29248 | 480 | 0 | 0 | 0 | 0 | 0 | 0 | 0 | 0 | 0 | 0 | 0 | 0 |
| Fnatic | 0 | 0 | 0 | 0 | 0 | 0 | 57376 | 63648 | 9824 | 224 | 0 | 0 | 0 | 0 | 0 | 0 | 0 | 0 |
| Forward Gaming | 0 | 0 | 0 | 0 | 1024 | 1024 | 0 | 960 | 2432 | 7616 | 4352 | 6144 | 8448 | 12032 | 25088 | 53760 | 8192 | 0 |
| Gambit Esports | 0 | 0 | 0 | 0 | 4832 | 9408 | 1120 | 9184 | 11264 | 17728 | 12608 | 11008 | 13440 | 8736 | 15360 | 14336 | 2048 | 0 |
| Infamous | 0 | 0 | 0 | 0 | 384 | 512 | 128 | 640 | 1024 | 3424 | 1856 | 3296 | 5120 | 6144 | 7168 | 3072 | 0 | 98304 |
| Keen Gaming | 0 | 0 | 0 | 0 | 0 | 0 | 0 | 0 | 1152 | 26304 | 58368 | 37504 | 7552 | 192 | 0 | 0 | 0 | 0 |
| Ninjas In Pyjamas | 0 | 0 | 1120 | 832 | 864 | 3200 | 6448 | 36032 | 69360 | 13216 | 0 | 0 | 0 | 0 | 0 | 0 | 0 | 0 |
| OG | 0 | 0 | 0 | 0 | 1024 | 0 | 640 | 768 | 2736 | 12800 | 28528 | 50560 | 29504 | 4512 | 0 | 0 | 0 | 0 |
| PSG.LGD | 0 | 0 | 2080 | 1120 | 6464 | 73888 | 45792 | 1728 | 0 | 0 | 0 | 0 | 0 | 0 | 0 | 0 | 0 | 0 |
| Pain Gaming | 0 | 0 | 0 | 0 | 0 | 0 | 0 | 0 | 0 | 0 | 0 | 0 | 0 | 0 | 0 | 16384 | 98304 | 16384 |
| Royal Never Give Up | 0 | 0 | 0 | 0 | 4032 | 8832 | 2496 | 9696 | 14576 | 13184 | 5168 | 10112 | 12160 | 7808 | 7168 | 3072 | 16384 | 16384 |
| TNC Predator | 0 | 0 | 0 | 0 | 5376 | 9472 | 11824 | 7584 | 17200 | 29536 | 15072 | 5280 | 16416 | 11264 | 2048 | 0 | 0 | 0 |
| Team Liquid | 0 | 0 | 30048 | 18240 | 54048 | 23360 | 5184 | 192 | 0 | 0 | 0 | 0 | 0 | 0 | 0 | 0 | 0 | 0 |
| Team Secret | 122880 | 8192 | 0 | 0 | 0 | 0 | 0 | 0 | 0 | 0 | 0 | 0 | 0 | 0 | 0 | 0 | 0 | 0 |
| Vici Gaming | 0 | 0 | 61856 | 45504 | 23328 | 384 | 0 | 0 | 0 | 0 | 0 | 0 | 0 | 0 | 0 | 0 | 0 | 0 |
| Virtus.Pro | 8192 | 122880 | 0 | 0 | 0 | 0 | 0 | 0 | 0 | 0 | 0 | 0 | 0 | 0 | 0 | 0 | 0 | 0 |

Percentage

| Team | 1 | 2 | 3 | 4 | 5 | 6 | 7 | 8 | 9 | 10 | 11 | 12 | 13 | 14 | 15 | 16 | 17 | 18 |
| ---- | ---- | ---- | ---- | ---- | ---- | ---- | ---- | ---- | ---- | ---- | ---- | ---- | ---- | ---- | ---- | ---- | ---- | ---- |
| Alliance | 0 | 0 | 0 | 0 | 0.34 | 0.39 | 0.05 | 0.49 | 1.15 | 5.37 | 3.91 | 1.95 | 5.88 | 15.23 | 33.20 | 27.34 | 4.69 | 0 |
| EHOME | 0 | 0 | 0 | 0 | 0 | 0 | 0 | 0 | 0 | 0 | 0 | 3.52 | 23.44 | 46.09 | 23.44 | 3.52 | 0 | 0 |
| Evil Geniuses | 0 | 0 | 27.44 | 49.88 | 22.31 | 0.37 | 0 | 0 | 0 | 0 | 0 | 0 | 0 | 0 | 0 | 0 | 0 | 0 |
| Fnatic | 0 | 0 | 0 | 0 | 0 | 0 | 43.77 | 48.56 | 7.50 | 0.17 | 0 | 0 | 0 | 0 | 0 | 0 | 0 | 0 |
| Forward Gaming | 0 | 0 | 0 | 0 | 0.78 | 0.78 | 0 | 0.73 | 1.86 | 5.81 | 3.32 | 4.69 | 6.45 | 9.18 | 19.14 | 41.02 | 6.25 | 0 |
| Gambit Esports | 0 | 0 | 0 | 0 | 3.69 | 7.18 | 0.85 | 7.01 | 8.59 | 13.53 | 9.62 | 8.40 | 10.25 | 6.67 | 11.72 | 10.94 | 1.56 | 0 |
| Infamous | 0 | 0 | 0 | 0 | 0.29 | 0.39 | 0.10 | 0.49 | 0.78 | 2.61 | 1.42 | 2.51 | 3.91 | 4.69 | 5.47 | 2.34 | 0 | 75 |
| Keen Gaming | 0 | 0 | 0 | 0 | 0 | 0 | 0 | 0 | 0.88 | 20.07 | 44.53 | 28.61 | 5.76 | 0.15 | 0 | 0 | 0 | 0 |
| Ninjas In Pyjamas | 0 | 0 | 0.85 | 0.63 | 0.66 | 2.44 | 4.92 | 27.49 | 52.92 | 10.08 | 0 | 0 | 0 | 0 | 0 | 0 | 0 | 0 |
| OG | 0 | 0 | 0 | 0 | 0.78 | 0 | 0.49 | 0.59 | 2.09 | 9.77 | 21.77 | 38.57 | 22.51 | 3.44 | 0 | 0 | 0 | 0 |
| PSG.LGD | 0 | 0 | 1.59 | 0.85 | 4.93 | 56.37 | 34.94 | 1.32 | 0 | 0 | 0 | 0 | 0 | 0 | 0 | 0 | 0 | 0 |
| Pain Gaming | 0 | 0 | 0 | 0 | 0 | 0 | 0 | 0 | 0 | 0 | 0 | 0 | 0 | 0 | 0 | 12.50 | 75 | 12.50 |
| Royal Never Give Up | 0 | 0 | 0 | 0 | 3.08 | 6.74 | 1.90 | 7.40 | 11.12 | 10.06 | 3.94 | 7.71 | 9.28 | 5.96 | 5.47 | 2.34 | 12.50 | 12.50 |
| TNC Predator | 0 | 0 | 0 | 0 | 4.10 | 7.23 | 9.02 | 5.79 | 13.12 | 22.53 | 11.50 | 4.03 | 12.52 | 8.59 | 1.56 | 0 | 0 | 0 |
| Team Liquid | 0 | 0 | 22.92 | 13.92 | 41.24 | 17.82 | 3.96 | 0.15 | 0 | 0 | 0 | 0 | 0 | 0 | 0 | 0 | 0 | 0 |
| Team Secret | 93.75 | 6.25 | 0 | 0 | 0 | 0 | 0 | 0 | 0 | 0 | 0 | 0 | 0 | 0 | 0 | 0 | 0 | 0 |
| Vici Gaming | 0 | 0 | 47.19 | 34.72 | 17.80 | 0.29 | 0 | 0 | 0 | 0 | 0 | 0 | 0 | 0 | 0 | 0 | 0 | 0 |
| Virtus.Pro | 6.25 | 93.75 | 0 | 0 | 0 | 0 | 0 | 0 | 0 | 0 | 0 | 0 | 0 | 0 | 0 | 0 | 0 | 0 |

Top 12 secured outcomes

| Team | Outcomes | % |
| ---- | ---- | ---- |
| Alliance | 17888 | 13.65% |
| EHOME | 4608 | 3.52% |
| **Evil Geniuses** | 131072 | 100% |
| **Fnatic** | 131072 | 100% |
| Forward Gaming | 23552 | 17.97% |
| Gambit Esports | 77152 | 58.86% |
| Infamous | 11264 | 8.59% |
| Keen Gaming | 123328 | 94.09% |
| **Ninjas In Pyjamas** | 131072 | 100% |
| OG | 97056 | 74.05% |
| **PSG.LGD** | 131072 | 100% |
| ~~Pain Gaming~~ | 0 | 0% |
| Royal Never Give Up | 68096 | 51.95% |
| TNC Predator | 101344 | 77.32% |
| **Team Liquid** | 131072 | 100% |
| **Team Secret** | 131072 | 100% |
| **Vici Gaming** | 131072 | 100% |
| **Virtus.Pro** | 131072 | 100% |

# DPC Rankings 25/06/2019

| Rank | Team | Day2 | Day1 | Before |
|-------|--------|---------|---------|---------|
| 1 | **Team Secret** | 14400 | 14400 | 14250 | 
| 2 | **Virtus.pro** | 12300 | 12300 | 11400 | 
| 4 | **Vici Gaming** | 8400 | 6450 | 6300 | 
| 3 | **Evil Geniuses** | 6825 | 6825 | 6750 | 
| 5 | **Team Liquid** | 4920 | 4920 | 2820 | 
| 6 | **PSG.LGD** | 4290 | 4290 | 4140 | 
| 7 | **Fnatic**² | 3600 | 3600 | 3525 | 
| 8 | **Ninjas In Pyjamas** | 2620 | 2620 | 2590 | 
| 9 | **TNC Predator** | 1596 | 846 | 696 | 
| 10 | Keen Gaming² | 1140 | 1140 | 1140 | 
| 11 | OG | 1098 | 1023 | 948 | 
| 12 | EHOME² | 629.6 | 629.6 | 629.6 | 
| 13 | Alliance | 529 | 454 | 379 | 
| 14 | Gambit Esports | 378 | 378 | 228 | 
| 15 | Forward Gaming | 304.88 | 304.88 | 154.88 | 
| 16 | ~~Pain Gaming~~ | 225 | 225 | 150 | 
| 17 | Royal Never Give Up | 204 | 204 | 63.65 | 
| 18 | ~~Infamous~~ | 135.9 | 135.9 | 60.9 | 

²: not playing in the tournament or eliminated, points won't change.

4096 outcomes remaining, distributing team on the DPC spectrum like this:

| Team | 1 | 2 | 3 | 4 | 5 | 6 | 7 | 8 | 9 | 10 | 11 | 12 | 13 | 14 | 15 | 16 | 17 | 18 |
| ---- | ---- | ---- | ---- | ---- | ---- | ---- | ---- | ---- | ---- | ---- | ---- | ---- | ---- | ---- | ---- | ---- | ---- | ---- |
| Alliance | 0 | 0 | 0 | 0 | 28 | 32 | 4 | 64 | 192 | 384 | 288 | 416 | 768 | 896 | 768 | 256 | 0 | 0 |
| EHOME | 0 | 0 | 0 | 0 | 0 | 0 | 0 | 0 | 0 | 0 | 0 | 384 | 1664 | 1664 | 384 | 0 | 0 | 0 |
| Evil Geniuses | 0 | 0 | 0 | 2400 | 1664 | 32 | 0 | 0 | 0 | 0 | 0 | 0 | 0 | 0 | 0 | 0 | 0 | 0 |
| Fnatic | 0 | 0 | 0 | 0 | 0 | 0 | 2776 | 1232 | 88 | 0 | 0 | 0 | 0 | 0 | 0 | 0 | 0 | 0 |
| Forward Gaming | 0 | 0 | 0 | 0 | 32 | 32 | 0 | 48 | 144 | 160 | 96 | 192 | 448 | 512 | 1408 | 1024 | 0 | 0 |
| Gambit Esports | 0 | 0 | 0 | 0 | 28 | 32 | 4 | 64 | 128 | 160 | 320 | 256 | 800 | 768 | 1024 | 512 | 0 | 0 |
| Infamous | 0 | 0 | 0 | 0 | 0 | 0 | 0 | 0 | 0 | 0 | 0 | 0 | 0 | 0 | 0 | 0 | 0 | 4096 |
| Keen Gaming | 0 | 0 | 0 | 0 | 0 | 0 | 0 | 0 | 0 | 896 | 1920 | 1152 | 128 | 0 | 0 | 0 | 0 | 0 |
| Ninjas In Pyjamas | 0 | 0 | 0 | 64 | 32 | 128 | 232 | 2240 | 1400 | 0 | 0 | 0 | 0 | 0 | 0 | 0 | 0 | 0 |
| OG | 0 | 0 | 0 | 0 | 64 | 0 | 64 | 96 | 208 | 976 | 1216 | 1312 | 160 | 0 | 0 | 0 | 0 | 0 |
| PSG.LGD | 0 | 0 | 32 | 64 | 232 | 3056 | 712 | 0 | 0 | 0 | 0 | 0 | 0 | 0 | 0 | 0 | 0 | 0 |
| Pain Gaming | 0 | 0 | 0 | 0 | 0 | 0 | 0 | 0 | 0 | 0 | 0 | 0 | 0 | 0 | 0 | 2048 | 2048 | 0 |
| Royal Never Give Up | 0 | 0 | 0 | 0 | 24 | 32 | 8 | 64 | 112 | 176 | 96 | 384 | 128 | 256 | 512 | 256 | 2048 | 0 |
| TNC Predator | 0 | 0 | 0 | 0 | 128 | 128 | 224 | 288 | 1824 | 1344 | 160 | 0 | 0 | 0 | 0 | 0 | 0 | 0 |
| Team Liquid | 0 | 0 | 0 | 1536 | 1864 | 624 | 72 | 0 | 0 | 0 | 0 | 0 | 0 | 0 | 0 | 0 | 0 | 0 |
| Team Secret | 3712 | 384 | 0 | 0 | 0 | 0 | 0 | 0 | 0 | 0 | 0 | 0 | 0 | 0 | 0 | 0 | 0 | 0 |
| Vici Gaming | 0 | 0 | 4064 | 32 | 0 | 0 | 0 | 0 | 0 | 0 | 0 | 0 | 0 | 0 | 0 | 0 | 0 | 0 |
| Virtus.Pro | 384 | 3712 | 0 | 0 | 0 | 0 | 0 | 0 | 0 | 0 | 0 | 0 | 0 | 0 | 0 | 0 | 0 | 0 |

In percentage of scenarios:

| Team | 1 | 2 | 3 | 4 | 5 | 6 | 7 | 8 | 9 | 10 | 11 | 12 | 13 | 14 | 15 | 16 | 17 | 18 |
| ---- | ---- | ---- | ---- | ---- | ---- | ---- | ---- | ---- | ---- | ---- | ---- | ---- | ---- | ---- | ---- | ---- | ---- | ---- |
| Alliance | 0 | 0 | 0 | 0 | 0.68 | 0.78 | 0.10 | 1.56 | 4.69 | 9.38 | 7.03 | 10.16 | 18.75 | 21.88 | 18.75 | 6.25 | 0 | 0 |
| EHOME | 0 | 0 | 0 | 0 | 0 | 0 | 0 | 0 | 0 | 0 | 0 | 9.38 | 40.62 | 40.62 | 9.38 | 0 | 0 | 0 |
| Evil Geniuses | 0 | 0 | 0 | 58.59 | 40.62 | 0.78 | 0 | 0 | 0 | 0 | 0 | 0 | 0 | 0 | 0 | 0 | 0 | 0 |
| Fnatic | 0 | 0 | 0 | 0 | 0 | 0 | 67.77 | 30.08 | 2.15 | 0 | 0 | 0 | 0 | 0 | 0 | 0 | 0 | 0 |
| Forward Gaming | 0 | 0 | 0 | 0 | 0.78 | 0.78 | 0 | 1.17 | 3.52 | 3.91 | 2.34 | 4.69 | 10.94 | 12.50 | 34.38 | 25 | 0 | 0 |
| Gambit Esports | 0 | 0 | 0 | 0 | 0.68 | 0.78 | 0.10 | 1.56 | 3.12 | 3.91 | 7.81 | 6.25 | 19.53 | 18.75 | 25 | 12.50 | 0 | 0 |
| Infamous | 0 | 0 | 0 | 0 | 0 | 0 | 0 | 0 | 0 | 0 | 0 | 0 | 0 | 0 | 0 | 0 | 0 | 100 |
| Keen Gaming | 0 | 0 | 0 | 0 | 0 | 0 | 0 | 0 | 0 | 21.88 | 46.88 | 28.12 | 3.12 | 0 | 0 | 0 | 0 | 0 |
| Ninjas In Pyjamas | 0 | 0 | 0 | 1.56 | 0.78 | 3.12 | 5.66 | 54.69 | 34.18 | 0 | 0 | 0 | 0 | 0 | 0 | 0 | 0 | 0 |
| OG | 0 | 0 | 0 | 0 | 1.56 | 0 | 1.56 | 2.34 | 5.08 | 23.83 | 29.69 | 32.03 | 3.91 | 0 | 0 | 0 | 0 | 0 |
| PSG.LGD | 0 | 0 | 0.78 | 1.56 | 5.66 | 74.61 | 17.38 | 0 | 0 | 0 | 0 | 0 | 0 | 0 | 0 | 0 | 0 | 0 |
| Pain Gaming | 0 | 0 | 0 | 0 | 0 | 0 | 0 | 0 | 0 | 0 | 0 | 0 | 0 | 0 | 0 | 50 | 50 | 0 |
| Royal Never Give Up | 0 | 0 | 0 | 0 | 0.59 | 0.78 | 0.20 | 1.56 | 2.73 | 4.30 | 2.34 | 9.38 | 3.12 | 6.25 | 12.50 | 6.25 | 50 | 0 |
| TNC Predator | 0 | 0 | 0 | 0 | 3.12 | 3.12 | 5.47 | 7.03 | 44.53 | 32.81 | 3.91 | 0 | 0 | 0 | 0 | 0 | 0 | 0 |
| Team Liquid | 0 | 0 | 0 | 37.50 | 45.51 | 15.23 | 1.76 | 0 | 0 | 0 | 0 | 0 | 0 | 0 | 0 | 0 | 0 | 0 |
| Team Secret | 90.62 | 9.38 | 0 | 0 | 0 | 0 | 0 | 0 | 0 | 0 | 0 | 0 | 0 | 0 | 0 | 0 | 0 | 0 |
| Vici Gaming | 0 | 0 | 99.22 | 0.78 | 0 | 0 | 0 | 0 | 0 | 0 | 0 | 0 | 0 | 0 | 0 | 0 | 0 | 0 |
| Virtus.Pro | 9.38 | 90.62 | 0 | 0 | 0 | 0 | 0 | 0 | 0 | 0 | 0 | 0 | 0 | 0 | 0 | 0 | 0 | 0 |

Top 12 secured outcomes

| Team | Outcomes | TOP12 % |
| ---- | ---- | ---- |
| Alliance | 1408 | 34.38% |
| EHOME | 384 | 9.38% |
| **Evil Geniuses** | 4096 | 100% |
| **Fnatic** | 4096 | 100% |
| Forward Gaming | 704 | 17.19% |
| Gambit Esports | 992 | 24.22% |
| ~~Infamous~~ | 0 | 0% |
| Keen Gaming | 3968 | 96.88% |
| **Ninjas In Pyjamas** | 4096 | 100% |
| OG | 3936 | 96.09% |
| **PSG.LGD** | 4096 | 100% |
| ~~Pain Gaming~~ | 0 | 0% |
| Royal Never Give Up | 896 | 21.88% |
| **TNC Predator** | 4096 | 100% |
| **Team Liquid** | 4096 | 100% |
| **Team Secret** | 4096 | 100% |
| **Vici Gaming** | 4096 | 100% |
| **Virtus.Pro** | 4096 | 100% |

# DPC Rankings 26/06/2019

| Rank | Team | Day3 |  Day2 | Day1 | Before |
|-------|--------|---------|---------|---------|---------|
| 1 | **Team Secret** | 14400 | 14400 | 14400 | 14250 | 
| 2 | **Virtus.pro** | 12300 | 12300 | 12300 | 11400 | 
| 4 | **Vici Gaming** | 8400 | 8400 | 6450 | 6300 | 
| 3 | **Evil Geniuses** | 6825 | 6825 | 6825 | 6750 | 
| 5 | **Team Liquid** | 4920 | 4920 | 4920 | 2820 | 
| 6 | **PSG.LGD** | 4590 | 4290 | 4290 | 4140 | 
| 7 | **Fnatic** | 3600 | 3600 | 3600 | 3525 | 
| 8 | **Ninjas In Pyjamas** | 2620 | 2620 | 2620 | 2590 | 
| 9 | **TNC Predator** | 1596 | 1596 | 846 | 696 | 
| 10 | **OG** | 1398 | 1098 | 1023 | 948 | 
| 11 | **Keen Gaming** | 1140 | 1140 | 1140 | 1140 | 
| 12 | Alliance | 829 | 529 | 454 | 379 | 
| 13 | Gambit Esports | 678 | 378 | 378 | 228 | 
| 14 | ~~EHOME~~ | 629.6 | 629.6 | 629.6 | 629.6 | 
| 15 | ~~Forward Gaming~~ | 304.88 | 304.88 | 304.88 | 154.88 | 
| 16 | ~~Pain Gaming~~ | 225 | 225 | 225 | 150 | 
| 17 | ~~Royal Never Give Up~~ | 204 | 204 | 204 | 63.65 | 
| 18 | ~~Infamous~~ | 135.9 | 135.9 | 135.9 | 60.9 | 

²: not playing in the tournament

256 outcomes remaining, distributing team on the DPC spectrum like this:

| Team | 1 | 2 | 3 | 4 | 5 | 6 | 7 | 8 | 9 | 10 | 11 | 12 | 13 | 14 | 15 | 16 | 17 | 18 |
| ---- | ---- | ---- | ---- | ---- | ---- | ---- | ---- | ---- | ---- | ---- | ---- | ---- | ---- | ---- | ---- | ---- | ---- | ---- |
| Alliance | 0 | 0 | 0 | 0 | 3 | 4 | 1 | 8 | 24 | 16 | 72 | 0 | 128 | 0 | 0 | 0 | 0 | 0 |
| EHOME | 0 | 0 | 0 | 0 | 0 | 0 | 0 | 0 | 0 | 0 | 0 | 0 | 0 | 256 | 0 | 0 | 0 | 0 |
| Evil Geniuses | 0 | 0 | 0 | 148 | 104 | 4 | 0 | 0 | 0 | 0 | 0 | 0 | 0 | 0 | 0 | 0 | 0 | 0 |
| Fnatic | 0 | 0 | 0 | 0 | 0 | 0 | 192 | 64 | 0 | 0 | 0 | 0 | 0 | 0 | 0 | 0 | 0 | 0 |
| Forward Gaming | 0 | 0 | 0 | 0 | 0 | 0 | 0 | 0 | 0 | 0 | 0 | 0 | 0 | 0 | 256 | 0 | 0 | 0 |
| Gambit Esports | 0 | 0 | 0 | 0 | 3 | 4 | 1 | 8 | 16 | 16 | 16 | 64 | 128 | 0 | 0 | 0 | 0 | 0 |
| Infamous | 0 | 0 | 0 | 0 | 0 | 0 | 0 | 0 | 0 | 0 | 0 | 0 | 0 | 0 | 0 | 0 | 0 | 256 |
| Keen Gaming | 0 | 0 | 0 | 0 | 0 | 0 | 0 | 0 | 0 | 0 | 64 | 192 | 0 | 0 | 0 | 0 | 0 | 0 |
| Ninjas In Pyjamas | 0 | 0 | 0 | 0 | 0 | 0 | 0 | 128 | 128 | 0 | 0 | 0 | 0 | 0 | 0 | 0 | 0 | 0 |
| OG | 0 | 0 | 0 | 0 | 8 | 0 | 8 | 16 | 16 | 128 | 80 | 0 | 0 | 0 | 0 | 0 | 0 | 0 |
| PSG.LGD | 0 | 0 | 4 | 8 | 30 | 184 | 30 | 0 | 0 | 0 | 0 | 0 | 0 | 0 | 0 | 0 | 0 | 0 |
| Pain Gaming | 0 | 0 | 0 | 0 | 0 | 0 | 0 | 0 | 0 | 0 | 0 | 0 | 0 | 0 | 0 | 256 | 0 | 0 |
| Royal Never Give Up | 0 | 0 | 0 | 0 | 0 | 0 | 0 | 0 | 0 | 0 | 0 | 0 | 0 | 0 | 0 | 0 | 256 | 0 |
| TNC Predator | 0 | 0 | 0 | 0 | 8 | 8 | 16 | 32 | 72 | 96 | 24 | 0 | 0 | 0 | 0 | 0 | 0 | 0 |
| Team Liquid | 0 | 0 | 0 | 96 | 100 | 52 | 8 | 0 | 0 | 0 | 0 | 0 | 0 | 0 | 0 | 0 | 0 | 0 |
| Team Secret | 240 | 16 | 0 | 0 | 0 | 0 | 0 | 0 | 0 | 0 | 0 | 0 | 0 | 0 | 0 | 0 | 0 | 0 |
| Vici Gaming | 0 | 0 | 252 | 4 | 0 | 0 | 0 | 0 | 0 | 0 | 0 | 0 | 0 | 0 | 0 | 0 | 0 | 0 |
| Virtus.Pro | 16 | 240 | 0 | 0 | 0 | 0 | 0 | 0 | 0 | 0 | 0 | 0 | 0 | 0 | 0 | 0 | 0 | 0 |

In percentage of scenarios:

| Team | 1 | 2 | 3 | 4 | 5 | 6 | 7 | 8 | 9 | 10 | 11 | 12 | 13 | 14 | 15 | 16 | 17 | 18 |
| ---- | ---- | ---- | ---- | ---- | ---- | ---- | ---- | ---- | ---- | ---- | ---- | ---- | ---- | ---- | ---- | ---- | ---- | ---- |
| Alliance | 0 | 0 | 0 | 0 | 1.17 | 1.56 | 0.39 | 3.12 | 9.38 | 6.25 | 28.12 | 0 | 50 | 0 | 0 | 0 | 0 | 0 |
| EHOME | 0 | 0 | 0 | 0 | 0 | 0 | 0 | 0 | 0 | 0 | 0 | 0 | 0 | 100 | 0 | 0 | 0 | 0 |
| Evil Geniuses | 0 | 0 | 0 | 57.81 | 40.62 | 1.56 | 0 | 0 | 0 | 0 | 0 | 0 | 0 | 0 | 0 | 0 | 0 | 0 |
| Fnatic | 0 | 0 | 0 | 0 | 0 | 0 | 75 | 25 | 0 | 0 | 0 | 0 | 0 | 0 | 0 | 0 | 0 | 0 |
| Forward Gaming | 0 | 0 | 0 | 0 | 0 | 0 | 0 | 0 | 0 | 0 | 0 | 0 | 0 | 0 | 100 | 0 | 0 | 0 |
| Gambit Esports | 0 | 0 | 0 | 0 | 1.17 | 1.56 | 0.39 | 3.12 | 6.25 | 6.25 | 6.25 | 25 | 50 | 0 | 0 | 0 | 0 | 0 |
| Infamous | 0 | 0 | 0 | 0 | 0 | 0 | 0 | 0 | 0 | 0 | 0 | 0 | 0 | 0 | 0 | 0 | 0 | 100 |
| Keen Gaming | 0 | 0 | 0 | 0 | 0 | 0 | 0 | 0 | 0 | 0 | 25 | 75 | 0 | 0 | 0 | 0 | 0 | 0 |
| Ninjas In Pyjamas | 0 | 0 | 0 | 0 | 0 | 0 | 0 | 50 | 50 | 0 | 0 | 0 | 0 | 0 | 0 | 0 | 0 | 0 |
| OG | 0 | 0 | 0 | 0 | 3.12 | 0 | 3.12 | 6.25 | 6.25 | 50 | 31.25 | 0 | 0 | 0 | 0 | 0 | 0 | 0 |
| PSG.LGD | 0 | 0 | 1.56 | 3.12 | 11.72 | 71.88 | 11.72 | 0 | 0 | 0 | 0 | 0 | 0 | 0 | 0 | 0 | 0 | 0 |
| Pain Gaming | 0 | 0 | 0 | 0 | 0 | 0 | 0 | 0 | 0 | 0 | 0 | 0 | 0 | 0 | 0 | 100 | 0 | 0 |
| Royal Never Give Up | 0 | 0 | 0 | 0 | 0 | 0 | 0 | 0 | 0 | 0 | 0 | 0 | 0 | 0 | 0 | 0 | 100 | 0 |
| TNC Predator | 0 | 0 | 0 | 0 | 3.12 | 3.12 | 6.25 | 12.50 | 28.12 | 37.50 | 9.38 | 0 | 0 | 0 | 0 | 0 | 0 | 0 |
| Team Liquid | 0 | 0 | 0 | 37.50 | 39.06 | 20.31 | 3.12 | 0 | 0 | 0 | 0 | 0 | 0 | 0 | 0 | 0 | 0 | 0 |
| Team Secret | 93.75 | 6.25 | 0 | 0 | 0 | 0 | 0 | 0 | 0 | 0 | 0 | 0 | 0 | 0 | 0 | 0 | 0 | 0 |
| Vici Gaming | 0 | 0 | 98.44 | 1.56 | 0 | 0 | 0 | 0 | 0 | 0 | 0 | 0 | 0 | 0 | 0 | 0 | 0 | 0 |
| Virtus.Pro | 6.25 | 93.75 | 0 | 0 | 0 | 0 | 0 | 0 | 0 | 0 | 0 | 0 | 0 | 0 | 0 | 0 | 0 | 0 |

Top 12 secured outcomes

| Team | Outcomes | TOP12 % |
| ---- | ---- | ---- |
| Alliance | 128 | 50% |
| ~~EHOME~~ | 0 | 0% |
| **Evil Geniuses** | 256 | 100% |
| **Fnatic** | 256 | 100% |
| ~~Forward Gaming~~ | 0 | 0% |
| Gambit Esports | 128 | 50% |
| ~~Infamous~~ | 0 | 0% |
| **Keen Gaming** | 256 | 100% |
| **Ninjas In Pyjamas** | 256 | 100% |
| **OG** | 256 | 100% |
| **PSG.LGD** | 256 | 100% |
| ~~Pain Gaming~~ | 0 | 0% |
| ~~Royal Never Give Up~~ | 0 | 0% |
| **TNC Predator** | 256 | 100% |
| **Team Liquid** | 256 | 100% |
| **Team Secret** | 256 | 100% |
| **Vici Gaming** | 256 | 100% |
| **Virtus.Pro** | 256 | 100% |

# DPC Rankings 28/06/2019

For the following days, I will only display the probability of teams to be in certain spot, in case of TI seeding.

32 outcomes possible.

| Team | 1 | 2 | 3 | 4 | 5 | 6 | 7 | 8 | 9 | 10 | 11 | 
| ---- | ---- | ---- | ---- | ---- | ---- | ---- | ---- | ---- | ---- | ---- | ---- |
| Alliance | 0 | 0 | 0 | 0 | 3.12 | 3.12 | 0 | 6.25 | 25 | 12.50 | 50 |
| Evil Geniuses | 0 | 0 | 0 | 62.50 | 37.50 | 0 | 0 | 0 | 0 | 0 | 0 |
| Fnatic | 0 | 0 | 0 | 0 | 0 | 0 | 81.25 | 18.75 | 0 | 0 | 0 |
| Ninjas In Pyjamas | 0 | 0 | 0 | 0 | 0 | 0 | 0 | 62.50 | 37.50 | 0 | 0 |
| OG | 0 | 0 | 0 | 0 | 0 | 0 | 0 | 0 | 0 | 50 | 50 |
| PSG.LGD | 0 | 0 | 0 | 12.50 | 34.38 | 53.12 | 0 | 0 | 0 | 0 | 0 |
| TNC Predator | 0 | 0 | 0 | 0 | 6.25 | 0 | 6.25 | 12.50 | 37.50 | 37.50 | 0 |
| Team Liquid | 0 | 0 | 0 | 25 | 18.75 | 43.75 | 12.50 | 0 | 0 | 0 | 0 |
| Team Secret | 87.50 | 12.50 | 0 | 0 | 0 | 0 | 0 | 0 | 0 | 0 | 0 |
| Vici Gaming | 0 | 0 | 100 | 0 | 0 | 0 | 0 | 0 | 0 | 0 | 0 |
| Virtus.Pro | 12.50 | 87.50 | 0 | 0 | 0 | 0 | 0 | 0 | 0 | 0 | 0 |

Definitive positions

| Position | Team |
| ---- | ---- |
| 12 | Keen Gaming |
| 13 | Gambit Esports |
| 14 | EHOME |
| 15 | Forward Gaming |
| 16 | Pain Gaming |
| 17 | Royal Never Give Up |
| 18 | Infamous |

# DPC Rankings 29/06/2019

For the following days, I will only display the probability of teams to be in certain spot, in case of TI seeding.

4 outcomes possible.

| Team | 1 | 2 | 3 | 4 | 5 | 6 | 
| ---- | ---- | ---- | ---- | ---- | ---- | ---- | 
| Evil Geniuses | 0 | 0 | 0 | 75 | 25 | 0 |
| PSG.LGD | 0 | 0 | 0 | 0 | 50 | 50 |
| Team Liquid | 0 | 0 | 0 | 25 | 25 | 50 |
| Team Secret | 75 | 25 | 0 | 0 | 0 | 0 |
| Vici Gaming | 0 | 0 | 100 | 0 | 0 | 0 |
| Virtus.Pro | 25 | 75 | 0 | 0 | 0 | 0 |
 
Definitive positions

| Position | Team |
| ---- | ---- |
| 3 | Vici Gaming |
| 7 | Fnatic |
| 8 | Ninjas In Pyjamas |
| 9 | TNC Predator |
| 10 | OG |
| 11 | Alliance |
| 12 | Keen Gaming |
| 13 | Gambit Esports |
| 14 | EHOME |
| 15 | Forward Gaming |
| 16 | Pain Gaming |
| 17 | Royal Never Give Up |
| 18 | Infamous |

If we assume a classic seeding into 2 groups we get this group composition (but it could be a random generation):

| Group A | Group B | 
| ---- | ---- |
| #1 | #2|
| #4 | Vici Gaming |
| #5 | #6 |
| Ninjas In Pyjamas | Fnatic |
| TNC Predator | OG |
| Keen Gaming | Alliance |
| #Qualifier | #Qualifier |
| #Qualifier | #Qualifier |
| #Qualifier | #Qualifier |

# DPC Rankings 30/06/2019

Definitive positions with DPC (finale remaining)

| Position | Team |
| ---- | ---- |
| 1 | Team Secret |
| 2 | Virtus Pro |
| 3 | Vici Gaming |
| 4 | Evil Geniuses |
| 5 | Team Liquid |
| 6 | PSG.LGD |
| 7 | Fnatic |
| 8 | Ninjas In Pyjamas |
| 9 | TNC Predator |
| 10 | OG |
| 11 | Alliance |
| 12 | Keen Gaming |
| 13 | Gambit Esports |
| 14 | EHOME |
| 15 | Forward Gaming |
| 16 | Pain Gaming |
| 17 | Royal Never Give Up |
| 18 | Infamous |

If we assume a classic seeding into 2 groups we get this group composition (but it could be a random generation):

| Group A | Group B | 
| ---- | ---- |
| Team Secret | Virtus Pro |
| Evil Geniuses | Vici Gaming |
| Team Liquid | PSG.LGD |
| Ninjas In Pyjamas | Fnatic |
| TNC Predator | OG |
| Keen Gaming | Alliance |
| #Qualifier | #Qualifier |
| #Qualifier | #Qualifier |
| #Qualifier | #Qualifier |
