---
layout: post
title: DPC Rankings 23rd
description: Analysis of DPC ranking updated daily, 23rd report.
author: Philaeux
category: dota
tags: dpc computing analysis
---

DPC rankings we will consider before the Epicenter are as follow, hiding teams sure to not pass the TI qualification mark.

| Rank | Team | Points | 
|-------|--------|---------|
| 1 | **Team Secret** | 14250 | 
| 2 | **Virtus.pro** | 11400 | 
| 3 | **Evil Geniuses** | 6750 | 
| 4 | **Vici Gaming** | 6300 | 
| 5 | **PSG.LGD** | 4140 | 
| 6 | **Fnatic** | 3525 | 
| 7 | **Team Liquid** | 2820 | 
| 8 | **Ninjas In Pyjamas** | 2590 | 
| 9 | Keen Gaming² | 1140 | 
| 10 | OG | 948 | 
| 11 | TNC Predator | 696 | 
| 12 | EHOME² | 629.6 | 
| 13 | Alliance | 379 | 
| 14 | Gambit Esports | 228 | 
| 15 | Forward Gaming | 154.88 | 
| 16 | Pain Gaming | 150 | 
| 17 | Royal Never Give Up | 63.65 | 
| 18 | Infamous | 60.9 | 

²: not playing in the tournament, points won't change.

After the group stages, we have 4194304 possible outcomes for the tree. This gives the following repartition outcomes for the ranking

| Team | 1 | 2 | 3 | 4 | 5 | 6 | 7 | 8 | 9 | 10 | 11 | 12 | 13 | 14 | 15 | 16 | 17 | 18 |
| ---- | ---- | ---- | ---- | ---- | ---- | ---- | ---- | ---- | ---- | ---- | ---- | ---- | ---- | ---- | ---- | ---- | ---- | ---- |
| Alliance | 0 | 0 | 0 | 0 | 18944 | 13312 | 8192 | 17408 | 47104 | 237568 | 152576 | 57344 | 229888 | 606208 | 1581056 | 987136 | 221184 | 16384 |
| EHOME | 0 | 0 | 0 | 0 | 0 | 0 | 0 | 0 | 0 | 0 | 0 | 86016 | 987136 | 2088960 | 909312 | 118784 | 4096 | 0 |
| Evil Geniuses | 0 | 16384 | 1247616 | 2128000 | 791168 | 11136 | 0 | 0 | 0 | 0 | 0 | 0 | 0 | 0 | 0 | 0 | 0 | 0 |
| Fnatic | 0 | 0 | 28672 | 10240 | 81664 | 932480 | 1901184 | 1138048 | 100480 | 1536 | 0 | 0 | 0 | 0 | 0 | 0 | 0 | 0 |
| Forward Gaming | 0 | 0 | 0 | 0 | 16384 | 16384 | 8960 | 15616 | 30976 | 114432 | 71680 | 95232 | 124928 | 180224 | 508928 | 1630208 | 1216512 | 163840 |
| Gambit Esports | 0 | 0 | 0 | 0 | 198912 | 271872 | 105088 | 292736 | 291968 | 545920 | 426240 | 360448 | 460288 | 224768 | 377088 | 458752 | 163840 | 16384 |
| Infamous | 0 | 0 | 0 | 0 | 9216 | 22528 | 6144 | 18432 | 30720 | 114688 | 54272 | 120832 | 155648 | 196608 | 229376 | 81920 | 8192 | 3145728 |
| Keen Gaming | 0 | 0 | 0 | 0 | 0 | 0 | 0 | 0 | 37632 | 832768 | 1887744 | 1186304 | 241408 | 8448 | 0 | 0 | 0 | 0 |
| Ninjas In Pyjamas | 0 | 0 | 17920 | 13312 | 25984 | 84784 | 174528 | 1068448 | 2317632 | 491696 | 0 | 0 | 0 | 0 | 0 | 0 | 0 | 0 |
| OG | 0 | 0 | 0 | 0 | 24576 | 17792 | 18304 | 29312 | 83072 | 405760 | 871680 | 1684992 | 942080 | 113408 | 3328 | 0 | 0 | 0 |
| PSG.LGD | 0 | 0 | 528256 | 364416 | 1440768 | 1282688 | 509952 | 67072 | 1152 | 0 | 0 | 0 | 0 | 0 | 0 | 0 | 0 | 0 |
| Pain Gaming | 0 | 0 | 0 | 0 | 18944 | 13312 | 5632 | 18432 | 30720 | 118272 | 104960 | 113664 | 78848 | 167424 | 312832 | 835584 | 2048000 | 327680 |
| Royal Never Give Up | 0 | 0 | 0 | 0 | 114176 | 340992 | 125824 | 304000 | 384128 | 418432 | 160768 | 349184 | 387072 | 239616 | 231424 | 81920 | 532480 | 524288 |
| TNC Predator | 0 | 0 | 0 | 0 | 244736 | 335072 | 277056 | 292352 | 553664 | 890144 | 464384 | 140288 | 587008 | 368640 | 40960 | 0 | 0 | 0 |
| Team Liquid | 0 | 0 | 311040 | 172544 | 576512 | 840176 | 1053440 | 932448 | 285056 | 23088 | 0 | 0 | 0 | 0 | 0 | 0 | 0 | 0 |
| Team Secret | 3489792 | 704512 | 0 | 0 | 0 | 0 | 0 | 0 | 0 | 0 | 0 | 0 | 0 | 0 | 0 | 0 | 0 | 0 |
| Vici Gaming | 0 | 0 | 2044416 | 1505792 | 632320 | 11776 | 0 | 0 | 0 | 0 | 0 | 0 | 0 | 0 | 0 | 0 | 0 | 0 |
| Virtus.Pro | 704512 | 3473408 | 16384 | 0 | 0 | 0 | 0 | 0 | 0 | 0 | 0 | 0 | 0 | 0 | 0 | 0 | 0 | 0 |

As a percentage we have

| Team | 1 | 2 | 3 | 4 | 5 | 6 | 7 | 8 | 9 | 10 | 11 | 12 | 13 | 14 | 15 | 16 | 17 | 18 |
| ---- | ---- | ---- | ---- | ---- | ---- | ---- | ---- | ---- | ---- | ---- | ---- | ---- | ---- | ---- | ---- | ---- | ---- | ---- |
| Alliance | 0 | 0 | 0 | 0 | 0.45 | 0.32 | 0.20 | 0.42 | 1.12 | 5.66 | 3.64 | 1.37 | 5.48 | 14.45 | 37.70 | 23.54 | 5.27 | 0.39 |
| EHOME | 0 | 0 | 0 | 0 | 0 | 0 | 0 | 0 | 0 | 0 | 0 | 2.05 | 23.54 | 49.80 | 21.68 | 2.83 | 0.10 | 0 |
| Evil Geniuses | 0 | 0.39 | 29.75 | 50.74 | 18.86 | 0.27 | 0 | 0 | 0 | 0 | 0 | 0 | 0 | 0 | 0 | 0 | 0 | 0 |
| Fnatic | 0 | 0 | 0.68 | 0.24 | 1.95 | 22.23 | 45.33 | 27.13 | 2.40 | 0.04 | 0 | 0 | 0 | 0 | 0 | 0 | 0 | 0 |
| Forward Gaming | 0 | 0 | 0 | 0 | 0.39 | 0.39 | 0.21 | 0.37 | 0.74 | 2.73 | 1.71 | 2.27 | 2.98 | 4.30 | 12.13 | 38.87 | 29 | 3.91 |
| Gambit Esports | 0 | 0 | 0 | 0 | 4.74 | 6.48 | 2.51 | 6.98 | 6.96 | 13.02 | 10.16 | 8.59 | 10.97 | 5.36 | 8.99 | 10.94 | 3.91 | 0.39 |
| Infamous | 0 | 0 | 0 | 0 | 0.22 | 0.54 | 0.15 | 0.44 | 0.73 | 2.73 | 1.29 | 2.88 | 3.71 | 4.69 | 5.47 | 1.95 | 0.20 | 75 |
| Keen Gaming | 0 | 0 | 0 | 0 | 0 | 0 | 0 | 0 | 0.90 | 19.85 | 45.01 | 28.28 | 5.76 | 0.20 | 0 | 0 | 0 | 0 |
| Ninjas In Pyjamas | 0 | 0 | 0.43 | 0.32 | 0.62 | 2.02 | 4.16 | 25.47 | 55.26 | 11.72 | 0 | 0 | 0 | 0 | 0 | 0 | 0 | 0 |
| OG | 0 | 0 | 0 | 0 | 0.59 | 0.42 | 0.44 | 0.70 | 1.98 | 9.67 | 20.78 | 40.17 | 22.46 | 2.70 | 0.08 | 0 | 0 | 0 |
| PSG.LGD | 0 | 0 | 12.59 | 8.69 | 34.35 | 30.58 | 12.16 | 1.60 | 0.03 | 0 | 0 | 0 | 0 | 0 | 0 | 0 | 0 | 0 |
| Pain Gaming | 0 | 0 | 0 | 0 | 0.45 | 0.32 | 0.13 | 0.44 | 0.73 | 2.82 | 2.50 | 2.71 | 1.88 | 3.99 | 7.46 | 19.92 | 48.83 | 7.81 |
| Royal Never Give Up | 0 | 0 | 0 | 0 | 2.72 | 8.13 | 3 | 7.25 | 9.16 | 9.98 | 3.83 | 8.33 | 9.23 | 5.71 | 5.52 | 1.95 | 12.70 | 12.50 |
| TNC Predator | 0 | 0 | 0 | 0 | 5.83 | 7.99 | 6.61 | 6.97 | 13.20 | 21.22 | 11.07 | 3.34 | 14 | 8.79 | 0.98 | 0 | 0 | 0 |
| Team Liquid | 0 | 0 | 7.42 | 4.11 | 13.75 | 20.03 | 25.12 | 22.23 | 6.80 | 0.55 | 0 | 0 | 0 | 0 | 0 | 0 | 0 | 0 |
| Team Secret | 83.20 | 16.80 | 0 | 0 | 0 | 0 | 0 | 0 | 0 | 0 | 0 | 0 | 0 | 0 | 0 | 0 | 0 | 0 |
| Vici Gaming | 0 | 0 | 48.74 | 35.90 | 15.08 | 0.28 | 0 | 0 | 0 | 0 | 0 | 0 | 0 | 0 | 0 | 0 | 0 | 0 |
| Virtus.Pro | 16.80 | 82.81 | 0.39 | 0 | 0 | 0 | 0 | 0 | 0 | 0 | 0 | 0 | 0 | 0 | 0 | 0 | 0 | 0

Top 12 secured outcomes

| Team | Outcomes | % |
| ---- | ---- | ---- |
| Alliance | 552448 | 13.17% |
| EHOME | 86016 | 2.05% |
| Evil Geniuses | 4194304 | 100% |
| Fnatic | 4194304 | 100% |
| Forward Gaming | 369664 | 8.81% |
| Gambit Esports | 2493184 | 59.44% |
| Infamous | 376832 | 8.98% |
| Keen Gaming | 3944448 | 94.04% |
| Ninjas In Pyjamas | 4194304 | 100% |
| OG | 3135488 | 74.76% |
| PSG.LGD | 4194304 | 100% |
| Pain Gaming | 423936 | 10.11% |
| Royal Never Give Up | 2197504 | 52.39% |
| TNC Predator | 3197696 | 76.24% |
| Team Liquid | 4194304 | 100% |
| Team Secret | 4194304 | 100% |
| Vici Gaming | 4194304 | 100% |
| Virtus.Pro | 4194304 | 100% |
